0 0 0.331166 0.571835 0.0860072 0.905484 0 0.776048 0 0 0.279233 0.0173017 0.0646429 0.233157 0 0.756047 0.49426 0 0 0.584917 
0 0 0 0 0.754052 0.024284 0.369351 0.213852 0.0982145 0 0.577269 0.0527608 0.765764 0.22611 0.918855 0.813285 0 0 0 0.111777 
0.331166 0 0 0 0 0.282193 0.00588523 0 0 0 0.259028 0 0.135893 0 0.74877 0.201218 0 0.0642171 0 0 
0.571835 0 0 0 0.0286961 0.526464 0.853705 0.848058 0 0.95178 0.881923 0 0.0111441 0.861151 0.144774 0 0.547801 0 0.623628 0.945156 
0.0860072 0.754052 0 0.0286961 0 0.0394158 0.213132 0.838501 0.0565693 0 0 0.793058 0 0 0.441541 0.916148 0 0 0 0.676876 
0.905484 0.024284 0.282193 0.526464 0.0394158 0 0 0 0 0 0 0 0 0.823965 0.994451 0.446211 0.598408 0 0.449376 0.887488 
0 0.369351 0.00588523 0.853705 0.213132 0 0 0 0.28185 0.565043 0.601655 0.646457 0 0.296364 0.624291 0.110417 0.408033 0.714217 0.884437 0 
0.776048 0.213852 0 0.848058 0.838501 0 0 0 0 0.798294 0.618143 0 0.289012 0.375554 0.164785 0 0 0.0363917 0 0 
0 0.0982145 0 0 0.0565693 0 0.28185 0 0 0 0.469377 0.603275 0 0.903759 0 0 0.226655 0 0 0 
0 0 0 0.95178 0 0 0.565043 0.798294 0 0 0.129179 0.345451 0 0 0 0.476671 0.00272278 0 0.464306 0 
0.279233 0.577269 0.259028 0.881923 0 0 0.601655 0.618143 0.469377 0.129179 0 0.125488 0.925113 0.796017 0 0.316772 0.737219 0 0 0.762162 
0.0173017 0.0527608 0 0 0.793058 0 0.646457 0 0.603275 0.345451 0.125488 0 0 0.304841 0 0.49004 0.434761 0.507188 0.38828 0 
0.0646429 0.765764 0.135893 0.0111441 0 0 0 0.289012 0 0 0.925113 0 0 0 0 0.365263 0 0.0931333 0.660507 0.659979 
0.233157 0.22611 0 0.861151 0 0.823965 0.296364 0.375554 0.903759 0 0.796017 0.304841 0 0 0 0.388825 0.123018 0.614558 0.547204 0 
0 0.918855 0.74877 0.144774 0.441541 0.994451 0.624291 0.164785 0 0 0 0 0 0 0 0.266412 0 0.956131 0.997593 0 
0.756047 0.813285 0.201218 0 0.916148 0.446211 0.110417 0 0 0.476671 0.316772 0.49004 0.365263 0.388825 0.266412 0 0.3883 0 0 0.30964 
0.49426 0 0 0.547801 0 0.598408 0.408033 0 0.226655 0.00272278 0.737219 0.434761 0 0.123018 0 0.3883 0 0.8827 0.674181 0.853052 
0 0 0.0642171 0 0 0 0.714217 0.0363917 0 0 0 0.507188 0.0931333 0.614558 0.956131 0 0.8827 0 0 0.0501789 
0 0 0 0.623628 0 0.449376 0.884437 0 0 0.464306 0 0.38828 0.660507 0.547204 0.997593 0 0.674181 0 0 0 
0.584917 0.111777 0 0.945156 0.676876 0.887488 0 0 0 0 0.762162 0 0.659979 0 0 0.30964 0.853052 0.0501789 0 0 

